[W929 15:22:02.719685777 w4a8_sdot4_rdna2.hip:402] Warning: RDNA2 W4A8 sdot4 path active (config a8_lds_k32_ag) (function operator())
[rdna2_persist] eager grow need=1152000 grown=1152000 bytes=2304000
[rdna2_persist] eager grow need=1958400 grown=1958400 bytes=3916800
[rdna2_persist] eager grow need=10245120 grown=10245120 bytes=20490240
[rdna2_persist] eager grow need=17416704 grown=17416704 bytes=34833408
[rdna2_persist] eager grow need=17825792 grown=17825792 bytes=35651584
                 shape |  AWQ w4a8/gptq |  AWQ w4a8/ref |  AWQ gptq/ref |  GPTQ w4a8/gptq |  GPTQ w4a8/ref |  GPTQ gptq/ref
---------------------------------------------------------------------------------------------------------------------------
    (225,1536,5120,32) |         0.0212 |        0.0053 |        0.0205 |          0.0217 |         0.0053 |         0.0210
    (225,4352,5120,32) |         0.0213 |        0.0054 |        0.0206 |          0.0217 |         0.0054 |         0.0211
    (225,5120,3584,32) |         0.0214 |        0.0054 |        0.0207 |          0.0217 |         0.0054 |         0.0211
    (225,5120,4096,32) |         0.0212 |        0.0053 |        0.0205 |          0.0216 |         0.0054 |         0.0210
    (225,5120,8704,32) |         0.0213 |        0.0054 |        0.0206 |          0.0217 |         0.0054 |         0.0210
   (2001,1536,5120,32) |         0.0212 |        0.0054 |        0.0206 |          0.0217 |         0.0053 |         0.0211
   (2001,4352,5120,32) |         0.0213 |        0.0053 |        0.0206 |          0.0217 |         0.0054 |         0.0211
   (2001,5120,3584,32) |         0.0213 |        0.0053 |        0.0207 |          0.0217 |         0.0053 |         0.0211
   (2001,5120,4096,32) |         0.0213 |        0.0053 |        0.0206 |          0.0217 |         0.0053 |         0.0210
   (2001,5120,8704,32) |         0.0213 |        0.0054 |        0.0206 |          0.0217 |         0.0054 |         0.0211
   (2048,1536,5120,32) |         0.0213 |        0.0054 |        0.0206 |          0.0218 |         0.0054 |         0.0211
   (2048,4352,5120,32) |         0.0213 |        0.0053 |        0.0207 |          0.0218 |         0.0053 |         0.0211
   (2048,5120,3584,32) |         0.0213 |        0.0053 |        0.0206 |          0.0217 |         0.0053 |         0.0210
   (2048,5120,4096,32) |         0.0213 |        0.0054 |        0.0206 |          0.0217 |         0.0054 |         0.0211
   (2048,5120,8704,32) |         0.0213 |        0.0054 |        0.0206 |          0.0218 |         0.0054 |         0.0211
