[W929 15:19:48.238931897 w4a8_sdot4_rdna2.hip:402] Warning: RDNA2 W4A8 sdot4 path active (config a8_lds_k32_ag) (function operator())
[rdna2_persist] eager grow need=10245120 grown=10245120 bytes=20490240
                 shape |  AWQ w4a8/gptq |  AWQ w4a8/ref |  AWQ gptq/ref |  GPTQ w4a8/gptq |  GPTQ w4a8/ref |  GPTQ gptq/ref
---------------------------------------------------------------------------------------------------------------------------
    (2001,512,5120,32) |         0.0212 |        0.0054 |        0.0205 |          0.0215 |         0.0054 |         0.0209
    (2001,576,5120,32) |         0.0213 |        0.0053 |        0.0206 |          0.0217 |         0.0053 |         0.0210
    (2001,640,5120,32) |         0.0214 |        0.0053 |        0.0207 |          0.0218 |         0.0054 |         0.0211
    (2001,704,5120,32) |         0.0213 |        0.0054 |        0.0206 |          0.0218 |         0.0054 |         0.0211
    (2001,768,5120,32) |         0.0212 |        0.0053 |        0.0206 |          0.0216 |         0.0053 |         0.0210
    (2001,832,5120,32) |         0.0214 |        0.0053 |        0.0207 |          0.0218 |         0.0053 |         0.0212
    (2001,896,5120,32) |         0.0212 |        0.0054 |        0.0205 |          0.0216 |         0.0054 |         0.0209
    (2001,960,5120,32) |         0.0213 |        0.0053 |        0.0207 |          0.0218 |         0.0053 |         0.0211
   (2001,1024,5120,32) |         0.0213 |        0.0054 |        0.0206 |          0.0217 |         0.0054 |         0.0210
   (2001,1088,5120,32) |         0.0213 |        0.0054 |        0.0206 |          0.0217 |         0.0054 |         0.0210
   (2001,1152,5120,32) |         0.0214 |        0.0054 |        0.0207 |          0.0217 |         0.0054 |         0.0211
   (2001,1216,5120,32) |         0.0212 |        0.0053 |        0.0206 |          0.0217 |         0.0053 |         0.0211
   (2001,1280,5120,32) |         0.0215 |        0.0053 |        0.0208 |          0.0218 |         0.0053 |         0.0211
   (2001,1344,5120,32) |         0.0213 |        0.0054 |        0.0207 |          0.0217 |         0.0054 |         0.0211
   (2001,1408,5120,32) |         0.0213 |        0.0054 |        0.0206 |          0.0217 |         0.0054 |         0.0211
   (2001,1472,5120,32) |         0.0213 |        0.0053 |        0.0206 |          0.0217 |         0.0053 |         0.0210
   (2001,1536,5120,32) |         0.0213 |        0.0054 |        0.0206 |          0.0218 |         0.0054 |         0.0211
   (2001,1600,5120,32) |         0.0212 |        0.0054 |        0.0205 |          0.0217 |         0.0054 |         0.0210
   (2001,1664,5120,32) |         0.0213 |        0.0054 |        0.0206 |          0.0217 |         0.0054 |         0.0210
   (2001,1728,5120,32) |         0.0213 |        0.0053 |        0.0206 |          0.0217 |         0.0053 |         0.0210
   (2001,1792,5120,32) |         0.0213 |        0.0053 |        0.0206 |          0.0218 |         0.0053 |         0.0211
   (2001,1856,5120,32) |         0.0214 |        0.0054 |        0.0207 |          0.0218 |         0.0054 |         0.0211
   (2001,1920,5120,32) |         0.0213 |        0.0053 |        0.0206 |          0.0217 |         0.0053 |         0.0211
   (2001,1984,5120,32) |         0.0213 |        0.0053 |        0.0207 |          0.0217 |         0.0053 |         0.0211
   (2001,2048,5120,32) |         0.0212 |        0.0053 |        0.0205 |          0.0216 |         0.0053 |         0.0209
   (2001,2112,5120,32) |         0.0213 |        0.0054 |        0.0206 |          0.0217 |         0.0054 |         0.0210
   (2001,2176,5120,32) |         0.0214 |        0.0054 |        0.0207 |          0.0218 |         0.0054 |         0.0211
   (2001,2240,5120,32) |         0.0213 |        0.0053 |        0.0206 |          0.0217 |         0.0054 |         0.0210
   (2001,2304,5120,32) |         0.0214 |        0.0054 |        0.0207 |          0.0218 |         0.0054 |         0.0211
   (2001,2368,5120,32) |         0.0213 |        0.0054 |        0.0206 |          0.0218 |         0.0054 |         0.0211
   (2001,2432,5120,32) |         0.0213 |        0.0054 |        0.0206 |          0.0217 |         0.0054 |         0.0210
   (2001,2496,5120,32) |         0.0213 |        0.0054 |        0.0207 |          0.0217 |         0.0053 |         0.0211
   (2001,2560,5120,32) |         0.0213 |        0.0054 |        0.0207 |          0.0218 |         0.0054 |         0.0211
   (2001,2624,5120,32) |         0.0213 |        0.0054 |        0.0207 |          0.0217 |         0.0054 |         0.0211
   (2001,2688,5120,32) |         0.0213 |        0.0054 |        0.0206 |          0.0218 |         0.0054 |         0.0211
   (2001,2752,5120,32) |         0.0213 |        0.0053 |        0.0207 |          0.0217 |         0.0053 |         0.0211
   (2001,2816,5120,32) |         0.0213 |        0.0053 |        0.0206 |          0.0217 |         0.0053 |         0.0211
   (2001,2880,5120,32) |         0.0213 |        0.0054 |        0.0207 |          0.0217 |         0.0054 |         0.0211
   (2001,2944,5120,32) |         0.0213 |        0.0054 |        0.0206 |          0.0217 |         0.0054 |         0.0210
   (2001,3008,5120,32) |         0.0213 |        0.0054 |        0.0206 |          0.0217 |         0.0053 |         0.0210
   (2001,3072,5120,32) |         0.0213 |        0.0054 |        0.0207 |          0.0218 |         0.0054 |         0.0211
   (2001,3136,5120,32) |         0.0213 |        0.0054 |        0.0206 |          0.0217 |         0.0053 |         0.0211
   (2001,3200,5120,32) |         0.0213 |        0.0054 |        0.0207 |          0.0218 |         0.0054 |         0.0211
   (2001,3264,5120,32) |         0.0213 |        0.0054 |        0.0206 |          0.0217 |         0.0054 |         0.0211
   (2001,3328,5120,32) |         0.0213 |        0.0054 |        0.0207 |          0.0218 |         0.0054 |         0.0211
   (2001,3392,5120,32) |         0.0213 |        0.0053 |        0.0206 |          0.0217 |         0.0053 |         0.0211
   (2001,3456,5120,32) |         0.0213 |        0.0054 |        0.0206 |          0.0217 |         0.0054 |         0.0210
   (2001,3520,5120,32) |         0.0213 |        0.0054 |        0.0206 |          0.0217 |         0.0054 |         0.0210
   (2001,3584,5120,32) |         0.0213 |        0.0054 |        0.0207 |          0.0217 |         0.0054 |         0.0211
   (2001,3648,5120,32) |         0.0213 |        0.0054 |        0.0206 |          0.0217 |         0.0054 |         0.0211
   (2001,3712,5120,32) |         0.0213 |        0.0053 |        0.0206 |          0.0218 |         0.0053 |         0.0211
   (2001,3776,5120,32) |         0.0213 |        0.0054 |        0.0206 |          0.0218 |         0.0054 |         0.0211
   (2001,3840,5120,32) |         0.0213 |        0.0053 |        0.0206 |          0.0217 |         0.0053 |         0.0211
   (2001,3904,5120,32) |         0.0213 |        0.0053 |        0.0206 |          0.0217 |         0.0053 |         0.0211
   (2001,3968,5120,32) |         0.0213 |        0.0053 |        0.0206 |          0.0217 |         0.0053 |         0.0211
   (2001,4032,5120,32) |         0.0213 |        0.0054 |        0.0207 |          0.0218 |         0.0054 |         0.0211
   (2001,4096,5120,32) |         0.0213 |        0.0053 |        0.0207 |          0.0218 |         0.0053 |         0.0211
   (2001,4160,5120,32) |         0.0213 |        0.0054 |        0.0207 |          0.0218 |         0.0054 |         0.0211
   (2001,4224,5120,32) |         0.0213 |        0.0054 |        0.0207 |          0.0218 |         0.0054 |         0.0211
   (2001,4288,5120,32) | ERROR: AcceleratorError("CUDA error: invalid argument\nSearch for `hipErrorInvalidValue' in https://rocm.docs.amd.com/projects/HIP/en/latest/index.html for more information.\nCUDA kernel errors might be asynchronously reported at some other API call, so the stacktrace below might be incorrect.\nFor debugging consider passing AMD_SERIALIZE_KERNEL=3\nDevice-side assertion tracking was not enabled by user.")
   (2001,4352,5120,32) |         0.0213 |        0.0053 |        0.0207 |          0.0217 |         0.0053 |         0.0211
   (2001,4416,5120,32) |         0.0213 |        0.0053 |        0.0206 |          0.0217 |         0.0053 |         0.0211
   (2001,4480,5120,32) |         0.0213 |        0.0054 |        0.0206 |          0.0217 |         0.0054 |         0.0210
   (2001,4544,5120,32) | ERROR: AcceleratorError("CUDA error: invalid argument\nSearch for `hipErrorInvalidValue' in https://rocm.docs.amd.com/projects/HIP/en/latest/index.html for more information.\nCUDA kernel errors might be asynchronously reported at some other API call, so the stacktrace below might be incorrect.\nFor debugging consider passing AMD_SERIALIZE_KERNEL=3\nDevice-side assertion tracking was not enabled by user.")
   (2001,4608,5120,32) |         0.0213 |        0.0054 |        0.0206 |          0.0217 |         0.0054 |         0.0211
   (2001,4672,5120,32) | ERROR: AcceleratorError("CUDA error: invalid argument\nSearch for `hipErrorInvalidValue' in https://rocm.docs.amd.com/projects/HIP/en/latest/index.html for more information.\nCUDA kernel errors might be asynchronously reported at some other API call, so the stacktrace below might be incorrect.\nFor debugging consider passing AMD_SERIALIZE_KERNEL=3\nDevice-side assertion tracking was not enabled by user.")
   (2001,4736,5120,32) |         0.0213 |        0.0053 |        0.0206 |          0.0217 |         0.0053 |         0.0210
   (2001,4800,5120,32) |         0.0213 |        0.0054 |        0.0206 |          0.0217 |         0.0054 |         0.0210
   (2001,4864,5120,32) |         0.0213 |        0.0053 |        0.0206 |          0.0217 |         0.0053 |         0.0211
   (2001,4928,5120,32) |         0.0213 |        0.0054 |        0.0206 |          0.0218 |         0.0054 |         0.0211
   (2001,4992,5120,32) |         0.0213 |        0.0053 |        0.0206 |          0.0217 |         0.0053 |         0.0210
   (2001,5056,5120,32) | ERROR: AcceleratorError("CUDA error: invalid argument\nSearch for `hipErrorInvalidValue' in https://rocm.docs.amd.com/projects/HIP/en/latest/index.html for more information.\nCUDA kernel errors might be asynchronously reported at some other API call, so the stacktrace below might be incorrect.\nFor debugging consider passing AMD_SERIALIZE_KERNEL=3\nDevice-side assertion tracking was not enabled by user.")
   (2001,5120,5120,32) |         0.0213 |        0.0054 |        0.0207 |          0.0217 |         0.0054 |         0.0211
   (2001,5184,5120,32) |         0.0213 |        0.0053 |        0.0207 |          0.0218 |         0.0053 |         0.0211
   (2001,5248,5120,32) |         0.0214 |        0.0054 |        0.0207 |          0.0218 |         0.0054 |         0.0211
   (2001,5312,5120,32) | ERROR: AcceleratorError("CUDA error: invalid argument\nSearch for `hipErrorInvalidValue' in https://rocm.docs.amd.com/projects/HIP/en/latest/index.html for more information.\nCUDA kernel errors might be asynchronously reported at some other API call, so the stacktrace below might be incorrect.\nFor debugging consider passing AMD_SERIALIZE_KERNEL=3\nDevice-side assertion tracking was not enabled by user.")
   (2001,5376,5120,32) |         0.0213 |        0.0053 |        0.0206 |          0.0217 |         0.0053 |         0.0210
   (2001,5440,5120,32) |         0.0214 |        0.0054 |        0.0207 |          0.0218 |         0.0054 |         0.0211
   (2001,5504,5120,32) |         0.0213 |        0.0053 |        0.0206 |          0.0217 |         0.0054 |         0.0211
   (2001,5568,5120,32) |         0.0213 |        0.0054 |        0.0206 |          0.0218 |         0.0054 |         0.0211
   (2001,5632,5120,32) |         0.0213 |        0.0054 |        0.0206 |          0.0217 |         0.0054 |         0.0211
   (2001,5696,5120,32) | ERROR: AcceleratorError("CUDA error: invalid argument\nSearch for `hipErrorInvalidValue' in https://rocm.docs.amd.com/projects/HIP/en/latest/index.html for more information.\nCUDA kernel errors might be asynchronously reported at some other API call, so the stacktrace below might be incorrect.\nFor debugging consider passing AMD_SERIALIZE_KERNEL=3\nDevice-side assertion tracking was not enabled by user.")
   (2001,5760,5120,32) |         0.0213 |        0.0054 |        0.0206 |          0.0217 |         0.0054 |         0.0210
   (2001,5824,5120,32) |         0.0213 |        0.0054 |        0.0206 |          0.0217 |         0.0053 |         0.0210
   (2001,5888,5120,32) |         0.0213 |        0.0054 |        0.0207 |          0.0218 |         0.0054 |         0.0211
   (2001,5952,5120,32) |         0.0213 |        0.0054 |        0.0206 |          0.0217 |         0.0054 |         0.0211
   (2001,6016,5120,32) |         0.0214 |        0.0053 |        0.0207 |          0.0218 |         0.0054 |         0.0211
   (2001,6080,5120,32) |         0.0213 |        0.0054 |        0.0206 |          0.0217 |         0.0054 |         0.0210
