    m     k     n cfg old new fix |    oldms   fixms    d% |    newms  d%nw | onan nnan | note
  225  1536  3584  V1  16  16  16 |   0.1647  0.1651  0.24 |   0.1641  0.61 | F    F    | 
  225  1536  4096  V1  16  16  16 |   0.1804  0.1805  0.06 |   0.1795  0.56 | F    F    | 
  225  1536  5120  V1  16  16  16 |   0.2235  0.2232 -0.13 |   0.2228  0.18 | F    F    | 
  225  1536  8704  V1  16  16  16 |   0.3560  0.3568  0.22 |   0.3552  0.45 | F    F    | 
  225  4352  3584  V1  16   8   8 |   0.4004  0.3850 -3.85 |   0.3834  0.42 | T    F    | OLD-INVALID->repair
  225  4352  4096  V1  16   8   8 |   0.4478  0.4227 -5.61 |   0.4207  0.48 | T    F    | OLD-INVALID->repair
  225  4352  5120  V1  16   8   8 |   0.5575  0.5275 -5.38 |   0.5260  0.29 | T    F    | OLD-INVALID->repair
  225  4352  8704  V1  16   8   8 |   0.9155  0.8539 -6.73 |   0.8509  0.35 | T    F    | OLD-INVALID->repair
  225  5120  3584  V1  16  16  16 |   0.4363  0.4380  0.39 |   0.4358  0.50 | F    F    | 
  225  5120  4096  V1  16  16  16 |   0.4897  0.4906  0.18 |   0.4893  0.27 | F    F    | 
  225  5120  5120  V1  16  16  16 |   0.6101  0.6111  0.16 |   0.6094  0.28 | F    F    | 
  225  5120  8704  V1  16  16  16 |   1.0013  1.0035  0.22 |   0.9987  0.48 | F    F    | 
  225  6144  3584  V1  16  16  16 |   0.5150  0.5161  0.21 |   0.5141  0.39 | F    F    | 
  225  6144  4096  V1  16  16  16 |   0.5786  0.5802  0.28 |   0.5776  0.45 | F    F    | 
  225  6144  5120  V1  16  16  16 |   0.7210  0.7220  0.14 |   0.7216  0.06 | F    F    | 
  225  6144  8704  V1  16  16  16 |   1.1878  1.1912  0.29 |   1.1830  0.69 | F    F    | 
  225  8704  3584  V1  16  16  16 |   0.7107  0.7121  0.20 |   0.7104  0.24 | F    F    | 
  225  8704  4096  V1  16  16  16 |   0.8010  0.8033  0.29 |   0.7982  0.64 | F    F    | 
  225  8704  5120  V1  16  16  16 |   0.9985  1.0022  0.37 |   0.9985  0.37 | F    F    | 
  225  8704  8704  V1  16  16  16 |   1.6537  1.6542  0.03 |   1.6540  0.01 | F    F    | 
 2001  1536  3584   C   4   3   4 |   1.1057  1.1086  0.26 |   1.3201-16.02 | F    F    | RETUNE-REVERTED
 2001  1536  4096   A   8   6   8 |   1.3157  1.3297  1.06 |   1.2688  4.80 | F    F    | RETUNE-REVERTED
 2001  1536  5120   A   4   4   4 |   1.5304  1.5317  0.08 |   1.5241  0.50 | F    F    | 
 2001  1536  8704   A   4   3   4 |   2.7373  2.7347 -0.09 |   2.6800  2.04 | F    F    | RETUNE-REVERTED
 2001  4352  3584   C   4   4   4 |   4.3881  4.4079  0.45 |   4.3581  1.14 | F    F    | 
 2001  4352  4096   A   8   8   8 |   3.6692  3.6897  0.56 |   3.6535  0.99 | F    F    | 
 2001  4352  5120   A   4   4   4 |   4.8575  4.8776  0.41 |   4.8425  0.72 | F    F    | 
 2001  4352  8704   A  16   8   8 |   9.4735  8.6151 -9.06 |   8.5729  0.49 | F    F    | OLD-INVALID->repair
 2001  5120  3584   C   4   4   4 |   5.1931  5.2255  0.62 |   5.1794  0.89 | F    F    | 
 2001  5120  4096   A   8   5   8 |   4.3760  4.4053  0.67 |   5.1763-14.89 | F    F    | RETUNE-REVERTED
 2001  5120  5120   A   4   4   4 |   5.8323  5.8438  0.20 |   5.8065  0.64 | F    F    | 
 2001  5120  8704   A  16  10  16 |  10.4465 10.4991  0.50 |  10.0842  4.11 | F    F    | RETUNE-REVERTED
 2001  6144  3584   C   4   3   4 |   8.1757  8.2326  0.70 |   8.1150  1.45 | F    F    | RETUNE-REVERTED
 2001  6144  4096   A   8   6   8 |   5.3816  5.3960  0.27 |   6.3592-15.15 | F    F    | RETUNE-REVERTED
 2001  6144  5120   A   4   4   4 |   8.1307  8.1624  0.39 |   8.1185  0.54 | F    F    | 
 2001  6144  8704   A  16  12  16 |  12.4021 12.4091  0.06 |  12.1027  2.53 | F    F    | RETUNE-REVERTED
 2001  8704  3584   C   8   8   8 |   9.1632  9.2102  0.51 |   9.1426  0.74 | F    F    | 
 2001  8704  4096   A   8   8   8 |   8.0812  8.1362  0.68 |   8.0749  0.76 | F    F    | 
 2001  8704  5120   A   8   8   8 |  10.2245 10.2468  0.22 |  10.1807  0.65 | F    F    | 
 2001  8704  8704   A  32  16  16 |  19.0731 17.3272 -9.15 |  17.1593  0.98 | F    F    | OLD-INVALID->repair
 2048  1536  3584   C   4   3   4 |   1.1529  1.1538  0.08 |   1.3662-15.55 | F    F    | RETUNE-REVERTED
 2048  1536  4096   A   4   4   4 |   1.2987  1.2994  0.05 |   1.2972  0.17 | F    F    | 
 2048  1536  5120   A   4   4   4 |   1.5811  1.5880  0.44 |   1.5758  0.77 | F    F    | 
 2048  1536  8704   A   4   3   4 |   2.8450  2.8558  0.38 |   2.7848  2.55 | F    F    | RETUNE-REVERTED
 2048  4352  3584   C   4   4   4 |   4.5299  4.5505  0.45 |   4.5176  0.73 | F    F    | 
 2048  4352  4096   A   4   4   4 |   3.8722  3.8875  0.40 |   3.8667  0.54 | F    F    | 
 2048  4352  5120   A   4   4   4 |   5.0352  5.0445  0.18 |   5.0331  0.23 | F    F    | 
 2048  4352  8704   A  16   8   8 |   9.7546  8.8482 -9.29 |   8.7924  0.63 | F    F    | OLD-INVALID->repair
 2048  5120  3584   C   4   4   4 |   5.3802  5.3912  0.20 |   5.3016  1.69 | F    F    | 
 2048  5120  4096   A   4   4   4 |   4.6309  4.6514  0.44 |   4.6278  0.51 | F    F    | 
 2048  5120  5120   A   4   4   4 |   6.0278  6.0613  0.56 |   6.0272  0.57 | F    F    | 
 2048  5120  8704   A  16  10  16 |  10.7589 10.7757  0.16 |  10.3658  3.95 | F    F    | RETUNE-REVERTED
 2048  6144  3584   C   4   3   4 |   8.4635  8.5124  0.58 |   8.4498  0.74 | F    F    | RETUNE-REVERTED
 2048  6144  4096   A   4   4   4 |   6.5453  6.5777  0.50 |   6.5377  0.61 | F    F    | 
 2048  6144  5120   A   4   4   4 |   8.3800  8.3776 -0.03 |   8.3708  0.08 | F    F    | 
 2048  6144  8704   A  16  12  16 |  12.6836 12.7583  0.59 |  12.4689  2.32 | F    F    | RETUNE-REVERTED
 2048  8704  3584   C   8   8   8 |   9.4321  9.4743  0.45 |   9.4145  0.64 | F    F    | 
 2048  8704  4096   A   8   8   8 |   8.3324  8.3679  0.43 |   8.3287  0.47 | F    F    | 
 2048  8704  5120   A   8   8   8 |  10.5001 10.5018  0.02 |  10.4931  0.08 | F    F    | 
 2048  8704  8704   A  32  16  16 |  19.4638 17.7064 -9.03 |  17.6395  0.38 | F    F    | OLD-INVALID->repair

REPAIRS (old invalid): [(225, 4352, 3584, 16, 8), (225, 4352, 4096, 16, 8), (225, 4352, 5120, 16, 8), (225, 4352, 8704, 16, 8), (2001, 4352, 8704, 16, 8), (2001, 8704, 8704, 32, 16), (2048, 4352, 8704, 16, 8), (2048, 8704, 8704, 32, 16)]
RETUNES (old valid, reverted): [(2001, 1536, 3584, 4, 3, 4), (2001, 1536, 4096, 8, 6, 8), (2001, 1536, 8704, 4, 3, 4), (2001, 5120, 4096, 8, 5, 8), (2001, 5120, 8704, 16, 10, 16), (2001, 6144, 3584, 4, 3, 4), (2001, 6144, 4096, 8, 6, 8), (2001, 6144, 8704, 16, 12, 16), (2048, 1536, 3584, 4, 3, 4), (2048, 1536, 8704, 4, 3, 4), (2048, 5120, 8704, 16, 10, 16), (2048, 6144, 3584, 4, 3, 4), (2048, 6144, 8704, 16, 12, 16)]
